0.28346101847679134 0.15412347904461468 0.07570977917981073 0.03515096890491212 0.004506534474988734
0.3099885189437428 0.17451205510907003 0.08610792192881746 0.03501722158438576 0.006888633754305396
0.38778220451527223 0.2350597609561753 0.12815405046480743 0.049800796812749 0.0073041168658698535
0.27757520510483136 0.1741112123974476 0.0861440291704649 0.032816773017319965 0.0068368277119416595
0.25963808025177026 0.14791502753737215 0.08025177025963807 0.02989771833202203 0.003147128245476003
0.30437044745057235 0.1841831425598335 0.10665972944849116 0.045785639958376693 0.011966701352757543
0.21841092054602732 0.12670633531676584 0.06685334266713336 0.030101505075253762 0.009800490024501224
0.3245718837116687 0.19673436877737954 0.10951812027080844 0.055356431700517725 0.01592990840302668
0.27414714344430746 0.18495684340320592 0.09823263460748048 0.04521167283189478 0.011508425811755036
0.33678756476683935 0.22493142334654068 0.13105760438890582 0.07528192624199939 0.020420603474550443
0.35053319573443414 0.22910216718266255 0.1324389404884761 0.0846233230134159 0.03508771929824561
0.32926829268292684 0.23252032520325203 0.1491869918699187 0.08333333333333333 0.020731707317073172
0.5235707121364093 0.38966900702106316 0.25075225677031093 0.1424272818455366 0.04613841524573721
0.37347617288511264 0.2763206501662357 0.17768747691171038 0.10823790173623937 0.03620243812338382
0.5098231827111984 0.3850687622789784 0.2362475442043222 0.14587426326129665 0.04420432220039293
0.5369415807560137 0.4274054982817869 0.28264604810996563 0.14218213058419243 0.05326460481099656
0.44550214183722037 0.3555449785816278 0.2498810090433127 0.15135649690623512 0.04950023798191337
0.4880174291938998 0.40217864923747276 0.28017429193899784 0.1559912854030501 0.04967320261437908
0.38636363636363635 0.30836776859504134 0.2190082644628099 0.1322314049586777 0.04700413223140496
0.4176105224698575 0.34051881622214103 0.25502374862988675 0.1567409572524662 0.05407380343441724
0.5122727272727273 0.4254545454545455 0.29772727272727273 0.17772727272727273 0.07454545454545454
0.4484044757563199 0.3559883961873187 0.23663489432242021 0.1317861583091587 0.04558640696228761
0.5509924709103354 0.4681724845995893 0.37097878165639975 0.24845995893223818 0.09650924024640657
0.5050858232676414 0.4179910998092816 0.3003814367450731 0.168467895740623 0.056579783852511126
0.5353159851301115 0.46309081253319173 0.37599575146043546 0.23207647371216145 0.08284652150823155
0.4838829195998518 0.387921452389774 0.26787699147832533 0.1474620229714709 0.04853649499814746
0.5102429728442115 0.4197236779418771 0.31919961886612674 0.19485469271081468 0.05145307289185326
0.48484848484848486 0.4038567493112948 0.3140495867768595 0.2022038567493113 0.07768595041322314
0.4701492537313433 0.38884524744697563 0.2898664571877455 0.18695993715632364 0.0769835035349568
0.416366258111031 0.35291997116077867 0.26135544340302813 0.16222062004325882 0.057317952415284784
0.5915119363395226 0.5172413793103449 0.3946949602122016 0.2509283819628647 0.08912466843501327
0.5630829651448208 0.49140893470790376 0.39371624938635247 0.26853215513009326 0.09621993127147767
0.5359620299379335 0.46038700255567727 0.33917488134355606 0.2289156626506024 0.07338444687842278
0.5520891364902507 0.49192200557103066 0.39721448467966575 0.2618384401114206 0.10584958217270195
0.5631786771964462 0.48963474827245806 0.37314906219151034 0.24827245804540968 0.08736426456071077
0.5126621371216801 0.4175416924027177 0.2986411365040148 0.18468190240889437 0.05250154416306362
0.5072306579898771 0.4316702819956616 0.3297180043383948 0.18474331164135938 0.043745480838756325
0.5714964370546318 0.5002375296912114 0.4028503562945368 0.2755344418052256 0.09406175771971496
0.5487154629180805 0.48327678138633057 0.3805138148327678 0.24769752787203103 0.0896752302472128
0.585776668746101 0.5208983156581409 0.41235184029943855 0.2713661883967561 0.09981285090455397
0.5257241677475141 0.4638996973627324 0.3761348897535668 0.23865110246433205 0.06182447038478167
0.5968523002421308 0.5181598062953995 0.40274414850686036 0.2707828894269572 0.08353510895883777
0.5457277801631601 0.48175182481751827 0.36668097896092744 0.22928295405753543 0.06655216831258051
0.48516320474777447 0.40764094955489616 0.32307121661721067 0.20734421364985164 0.0693620178041543
0.5836680053547524 0.5042391789379741 0.40874609549308344 0.2583668005354752 0.08612226684515842
0.5308580030105369 0.45810336176618166 0.36628198695434017 0.23532363271450074 0.09282488710486704
0.4328767123287671 0.3578082191780822 0.2621917808219178 0.15315068493150685 0.0410958904109589
0.5179400590966653 0.4444913465597298 0.3588011819333052 0.22625580413676658 0.06120726044744618
0.4892433234421365 0.4365727002967359 0.35534124629080116 0.2529673590504451 0.08345697329376854
0.5338310779281381 0.4610359309379375 0.3574428371441904 0.23938404106392908 0.05786280914605693
0.5610839626832519 0.49933362949800086 0.40915148822745445 0.2812083518436251 0.08262994224788983
0.6305130513051305 0.5693069306930693 0.4675967596759676 0.31998199819982 0.11341134113411341
0.5789990186457311 0.5103042198233563 0.4052993130520118 0.26398429833169773 0.08881256133464181
0.6166883963494133 0.5528031290743155 0.4528465884398088 0.3146458061712299 0.12081703607127336
0.490134994807892 0.4153686396677051 0.3411214953271028 0.23156801661474558 0.07736240913811007
0.6393718452047111 0.5715086932136848 0.4711160964666293 0.3236118900729108 0.0891755468311834
0.582901554404145 0.5046632124352332 0.41347150259067356 0.28860103626943007 0.10518134715025906
0.486039886039886 0.39658119658119656 0.3213675213675214 0.2074074074074074 0.07407407407407407
0.5631699846860643 0.47396630934150075 0.38705972434915775 0.25114854517611024 0.08192955589586524
0.586414445399828 0.5150472914875323 0.42089423903697337 0.27987962166809977 0.07265692175408427
0.6706896551724137 0.5977011494252874 0.4804597701149425 0.317816091954023 0.1028735632183908
0.55441400304414 0.4897260273972603 0.3938356164383562 0.2541856925418569 0.0684931506849315
0.6303270564915758 0.5738354806739346 0.4722497522299306 0.32309217046580774 0.09068384539147671
0.4884230287859825 0.41739674593241555 0.3379224030037547 0.22152690863579474 0.0688360450563204
0.5942360475754803 0.5155535224153706 0.4272644098810613 0.2968892955169259 0.09103385178408051
0.6112531969309463 0.5432225063938619 0.4537084398976982 0.34322250639386187 0.13248081841432224
0.6349274124679761 0.591801878736123 0.4824935952177626 0.3292058070025619 0.11443210930828351
0.6336302895322939 0.561804008908686 0.4643652561247216 0.32683741648106907 0.11414253897550111
0.5858732462506048 0.5089501693275278 0.4005805515239477 0.24915336236090954 0.07789066279632317
0.5638766519823789 0.48797017960013556 0.38292104371399527 0.2534733988478482 0.08946119959335819
0.5906801007556675 0.5071368597816961 0.39420654911838793 0.24811083123425692 0.08984047019311503
0.56168951463505 0.50129677658392 0.4071878473508707 0.280844757317525 0.09633197480548351
0.6412698412698413 0.581859410430839 0.4748299319727891 0.3251700680272109 0.11836734693877551
0.6780407264722069 0.6158503026967529 0.5013758943313154 0.3456246560264172 0.10731975784259769
0.6229372937293729 0.5631188118811881 0.44183168316831684 0.30899339933993397 0.1254125412541254
0.516157591854803 0.4484285081894644 0.36033643204957944 0.2558654271801682 0.08853474988933156
0.6588628762541806 0.592530657748049 0.47435897435897434 0.31215161649944256 0.09754738015607581
0.5014409221902018 0.4400988060930424 0.36475916014820914 0.2519555372581309 0.09427748044462742
0.6304347826086957 0.5729813664596274 0.4891304347826087 0.35507246376811596 0.11180124223602485
0.601244614648157 0.5366203925323121 0.43705122067975105 0.2929631402584969 0.10627094303494496
