0.07097244262695312
0.06499671936035156
0.07542037963867188
0.07401275634765625
0.09170150756835938
0.05390357971191406
0.07549667358398438
0.08734130859375
0.088134765625
0.1115570068359375
0.10253524780273438
0.09379196166992188
0.10837936401367188
0.09716033935546875
0.08007049560546875
0.1373291015625
0.07874679565429688
0.10254287719726562
0.0956573486328125
0.11928558349609375
0.11442184448242188
0.08873748779296875
0.09398078918457031
0.1533660888671875
0.11365890502929688
0.11945343017578125
0.08245086669921875
0.07057571411132812
0.1117095947265625
0.09029388427734375
0.10467529296875
0.08873367309570312
0.10589981079101562
0.08086013793945312
0.097930908203125
0.1529998779296875
0.11135101318359375
0.09998703002929688
0.08507537841796875
0.08344268798828125
0.092987060546875
0.1055755615234375
0.08443450927734375
0.09271240234375
0.08966827392578125
0.08716201782226562
0.1003875732421875
0.11234664916992188
0.12166213989257812
0.0789337158203125
0.08666229248046875
0.11302947998046875
0.08734893798828125
0.09786224365234375
0.07543182373046875
0.07072830200195312
0.0768280029296875
0.06833648681640625
0.12341690063476562
0.10401535034179688
0.07381820678710938
0.09589385986328125
0.09144973754882812
0.09688568115234375
0.09977340698242188
0.0936279296875
0.10043716430664062
0.09569168090820312
0.09943008422851562
0.12863922119140625
0.11501312255859375
0.1024932861328125
0.10817718505859375
0.09976959228515625
0.10224151611328125
0.10039520263671875
0.08470535278320312
0.10549545288085938
0.09474945068359375
0.07452774047851562
