1.37939453125
1.578125
1.16357421875
1.50146484375
1.63330078125
1.43115234375
1.6669921875
1.48681640625
1.6943359375
1.16552734375
1.368408203125
1.62939453125
1.188720703125
1.450927734375
0.96044921875
1.23046875
1.18310546875
1.30078125
1.751953125
1.5029296875
1.171142578125
1.0390625
1.399169921875
1.298095703125
1.140380859375
1.1484375
1.106689453125
1.0947265625
1.249755859375
1.25146484375
1.136474609375
1.225830078125
0.948486328125
0.7947998046875
1.06884765625
1.05810546875
1.271484375
1.05712890625
1.27587890625
0.9713134765625
1.08935546875
0.944580078125
1.094970703125
1.046630859375
0.941650390625
1.267822265625
1.100341796875
1.101806640625
1.399169921875
0.974365234375
1.084716796875
1.0634765625
0.88623046875
0.8533935546875
1.150146484375
0.872802734375
0.88330078125
0.998779296875
0.989501953125
1.090087890625
0.854736328125
1.109375
0.859130859375
1.04443359375
0.9951171875
0.924072265625
1.0009765625
0.8568115234375
0.928466796875
1.02001953125
1.033447265625
1.042724609375
0.7388916015625
0.89501953125
0.884765625
1.02294921875
0.72802734375
1.039306640625
0.962158203125
0.7808837890625
