0.8173680007457733
0.7714045941829681
0.7574866265058517
0.8566617518663406
0.9226800948381424
0.7711901366710663
1.1008263230323792
0.8448126018047333
0.9675433337688446
0.900295302271843
0.8900037854909897
0.7403419017791748
0.7177528142929077
0.8419038504362106
0.6693897843360901
0.8046099543571472
0.7262941002845764
0.786948561668396
0.8283987045288086
0.8501215875148773
0.8393817245960236
0.8558182865381241
0.8326295614242554
0.861004039645195
0.7079119831323624
0.7919840663671494
0.6736564785242081
0.7737874686717987
0.7734017372131348
0.8425862193107605
0.608709916472435
0.6739320009946823
0.7544267326593399
0.615843765437603
0.6465323120355606
0.888592928647995
0.8342341929674149
0.8229295015335083
0.6587993055582047
0.6665196865797043
0.7303621470928192
0.6768044382333755
0.6889531910419464
0.7265089452266693
0.6610204726457596
0.6438513770699501
0.8399003595113754
0.7742126882076263
0.7150228023529053
0.7001640349626541
0.7378793954849243
0.6144286692142487
0.6741028279066086
0.6808536499738693
0.807697594165802
0.6642207652330399
0.6665235757827759
0.7354070842266083
0.7097145169973373
0.6346197873353958
0.5998188853263855
0.7389681041240692
0.6649104505777359
0.732517421245575
0.7663541585206985
0.6635125279426575
0.6096660643815994
0.7040280401706696
0.7491560131311417
0.7335940599441528
0.7695226520299911
0.7169230580329895
0.6244082450866699
0.6252805143594742
0.6822905987501144
0.702541247010231
0.712489128112793
0.7303893268108368
0.6361451968550682
0.6450161337852478
