1.4212907254695892
1.1043225526809692
1.0730557441711426
1.3035781383514404
1.432832583785057
1.2165048122406006
1.4121708869934082
1.1334008574485779
1.1813533306121826
1.0652831941843033
0.9814243316650391
0.9027194380760193
0.8439336270093918
0.73000767827034
0.677196279168129
0.7858360558748245
0.7201606184244156
0.6807125955820084
0.6302866488695145
0.7053726017475128
0.6427644267678261
0.6650500595569611
0.6189058944582939
0.8068713247776031
0.5596379414200783
0.606554701924324
0.6055007800459862
0.5550691187381744
0.679618813097477
0.8688405081629753
0.508181244134903
0.5993717610836029
0.6547010540962219
0.5056875497102737
0.5591951236128807
0.5968372672796249
0.7797638177871704
0.5804331600666046
0.671219602227211
0.5855258256196976
0.6095297485589981
0.566913403570652
0.6512146145105362
0.5751139894127846
0.49154312163591385
0.5302716642618179
0.8518073558807373
0.5504557639360428
0.6735554859042168
0.5654237270355225
0.5135862082242966
0.4023488126695156
0.553028792142868
0.5183677673339844
0.5608276799321175
0.5858232825994492
0.40398896485567093
0.6247858554124832
0.5165335312485695
0.4529222995042801
0.36885950714349747
0.49549905210733414
0.46744802594184875
0.6621357128024101
0.5298478752374649
0.44933079928159714
0.46606362611055374
0.49437014386057854
0.5104643106460571
0.46607913821935654
0.4957895427942276
0.6375370919704437
0.588496521115303
0.4196290299296379
0.559909962117672
0.44999100267887115
0.6120712906122208
0.5548341125249863
0.42774492874741554
0.4573500528931618
